t 578 418 16 16
t 610 418 16 16
t 642 418 16 16
t 674 418 16 16
t 706 418 16 16
t 482 450 16 16
t 514 450 16 16
t 546 450 16 16
t 706 450 16 16
t 738 450 16 16
t 770 450 16 16
t 802 450 16 16
t 834 450 16 16
t 482 482 16 16
t 738 482 0 144
t 834 482 16 16
t 866 482 16 16
t 898 482 16 16
t 450 514 16 16
t 482 514 16 16
t 738 514 0 144
t 898 514 16 16
t 930 514 16 16
t 962 514 16 16
t 450 546 16 16
t 482 546 16 16
t 738 546 16 16
t 770 546 16 16
t 802 546 16 16
t 834 546 16 16
t 866 546 16 16
t 962 546 16 16
t 994 546 16 16
t 1026 546 16 16
t 482 578 16 16
t 514 578 16 16
t 642 578 16 16
t 674 578 16 16
t 706 578 16 16
t 738 578 16 16
t 866 578 16 16
t 898 578 16 16
t 1026 578 16 16
t 1058 578 16 16
t 514 610 16 16
t 546 610 16 16
t 578 610 16 16
t 610 610 16 16
t 642 610 16 16
t 738 610 0 144
t 898 610 16 16
t 1058 610 16 16
t 546 642 16 16
t 578 642 16 16
t 610 642 16 16
t 738 642 0 144
t 866 642 16 16
t 898 642 16 16
t 1058 642 16 16
t 514 674 16 16
t 546 674 16 16
t 610 674 16 16
t 642 674 16 16
t 674 674 16 16
t 738 674 0 144
t 770 674 0 144
t 866 674 16 16
t 1058 674 16 16
t 514 706 16 16
t 674 706 16 16
t 706 706 16 16
t 738 706 16 16
t 770 706 0 144
t 1058 706 16 16
t 514 738 16 16
t 738 738 16 16
t 770 738 16 16
t 802 738 16 16
t 930 738 16 16
t 1058 738 16 16
t 514 770 16 16
t 546 770 16 16
t 770 770 0 144
t 802 770 16 16
t 834 770 16 16
t 866 770 16 16
t 930 770 16 16
t 1058 770 16 16
t 546 802 16 16
t 578 802 16 16
t 610 802 16 16
t 770 802 0 144
t 866 802 16 16
t 898 802 16 16
t 930 802 16 16
t 1026 802 16 16
t 1058 802 16 16
t 610 834 16 16
t 642 834 16 16
t 674 834 16 16
t 706 834 16 16
t 770 834 0 144
t 994 834 16 16
t 1026 834 16 16
t 706 866 16 16
t 738 866 16 16
t 770 866 16 16
t 802 866 16 16
t 834 866 16 16
t 930 866 16 16
t 962 866 16 16
t 994 866 16 16
t 770 898 0 144
t 834 898 16 16
t 866 898 16 16
t 898 898 16 16
t 930 898 16 16
spritesheet_path ../../res/Tiles/tileset.png